0.00001	9.625301591524824e15	2.2082050790419575e15	1.249444609358859e12	4.039357673757999e11	1.0799678666557041e32	1.0799592748627778e32	1.0799643895845803e32	1.079990172801381e32	8.639787541792424e32	8.639684416763248e32
0.00001584893192461114	2.4970353117986132e16	5.696558972167775e15	8.0822013749616e12	2.6048302900544263e12	2.7405716642555978e32	2.740549349341811e32	2.7405625326499377e32	2.7406295281675527e32	2.1924689017721431e33	2.192442108642722e33
0.000025118864315095822	6.2657222894822856e16	1.4143626623701786e16	5.0376389187460766e13	1.6239807027107635e13	6.942889181908554e32	6.942833084326135e32	6.942865746085668e32	6.943034355285366e32	5.554340365147604e33	5.55427295311297e33
0.000039810717055349695	1.6090259264734915e17	3.6556434856997176e16	3.274110153706647e14	1.0617346209764492e14	1.7731748656798192e33	1.7731605336903412e33	1.773168929934254e33	1.7732121309939985e33	1.4185473357642146e34	1.418530075849448e34
0.00006309573444801929	4.124908730177239e17	9.416773541486296e16	2.1118897563941435e15	6.866699357665722e14	4.5073666519656727e33	4.507330260987571e33	4.50735159535576e33	4.5074620894952264e33	3.6059123454228748e34	3.6058682798876057e34
0.0001	1.0521166745740261e18	2.4056991568343066e17	1.3404911192733052e16	4.358873446359894e15	1.1388651001866204e34	1.1388560106699596e34	1.1388612753240503e34	1.1388893824584758e34	9.11096896196104e34	9.110857372007772e34
0.00015848931924611142	2.703763103807315e18	6.237425205978963e17	8.503221511303426e16	2.7694636241778144e16	2.8710309905717632e34	2.8710088810894053e34	2.8710213659500065e34	2.8710930096967566e34	2.296836939548004e35	2.29680881357927e35
0.0002511886431509582	7.09249548857478e18	1.6658894607016077e18	5.348728978805582e17	1.7450312130103235e17	7.205533127207776e34	7.205482772759419e34	7.2055089845916085e34	7.205693454881961e34	5.764456949624818e35	5.7643865022032175e35
0.00039810717055349735	1.9880553107994882e19	4.856766876316984e18	3.3815612689703424e18	1.1034700330187366e18	1.8106257963477985e35	1.8106163065606895e35	1.8106197254179436e35	1.810669313106671e35	1.4485083174928682e36	1.448490594250119e36
0.000630957344480193	6.2670759709442245e19	1.6381211565528353e19	2.1323774227713016e19	6.959772162575596e18	4.541726831400517e35	4.541723126174806e35	4.541711671557135e35	4.5418559441919915e35	3.6334008358410944e36	3.6333564424829253e36
0.001	2.3785050312757667e20	6.739152264078055e19	1.3419355223149704e20	4.378358038128004e19	1.1371441461775055e36	1.1371558232427484e36	1.1371403415632866e36	1.1371891220848325e36	9.097202533045308e36	9.0970912226764e36
0.001584893192461114	1.0999024125731e21	3.329939727096896e20	8.409879110213531e20	2.7405940613563653e20	2.837386011601494e36	2.837494226768135e36	2.8373764968223594e36	2.837577404539544e36	2.2699216820546077e37	2.2698938742894425e37
0.002511886431509582	5.914208074793771e21	1.861237929561235e21	5.267441801707261e21	1.7141868665966895e21	7.110878115313071e36	7.111643692929675e36	7.110854289421242e36	7.111851489662267e36	5.688738258825038e37	5.6886687720377035e37
0.003981071705534973	3.4606938348720096e22	1.1091207668539771e22	3.299322978489947e22	1.0724313436584709e22	1.7883995807087317e37	1.788901225399768e37	1.7883936359027955e37	1.7889530715919555e37	1.430730946373147e38	1.4307136090737088e38
0.006309573444801936	2.08777294902604e23	6.742071640244991e22	2.047834949507275e23	6.6513796745240045e22	4.425537319976366e37	4.4287060142723645e37	4.425522568319476e37	4.428834342373834e37	3.540472665253948e38	3.540429741326439e38
0.01	1.243797524666072e24	4.017579672719196e23	1.2341171503280113e24	3.99578812418587e23	1.0770104030187386e38	1.078935792020686e38	1.0770067610993207e38	1.0789669189477676e38	8.616292086460158e38	8.616187779920665e38
0.01584893192461114	7.359469404845269e24	2.3246702317790274e24	7.336934970014833e24	2.3194543528292257e24	2.6841847390780717e38	2.6957929142982085e38	2.6841767588415787e38	2.69586520717094e38	2.147533707765964e39	2.1475096258331977e39
0.025118864315095822	4.3496265411580765e25	1.3700445714189088e25	4.344276499032739e25	1.3688131792109685e25	6.2777076632465315e38	6.346617676670629e38	6.2776884755219345e38	6.346789392181237e38	5.0232933248638935e39	5.023236053893333e39
0.039810717055349734	2.3823302382113027e26	7.290812654330064e25	2.3810927709863375e26	7.288090414233383e25	1.362965492829574e39	1.4012467478220975e39	1.3629606167678874e39	1.401286611676707e39	1.091280423326299e40	1.0912670013514093e40
0.06309573444801936	1.251278664124303e27	3.785646162780934e26	1.2510126010463796e27	3.785073881117708e26	2.925134811665232e39	3.1273177327600314e39	2.9251238753290425e39	3.1274035933379973e39	2.3454732702222933e40	2.3454442311480473e40
0.1	5.813934225990276e27	1.7638340918782347e27	5.813428504719402e27	1.7637283457027138e27	5.632011525128384e39	6.570501927572532e39	5.631989684254317e39	6.570665478856664e39	4.529839128776764e40	4.529783511129304e40
0.15848931924611143	2.1027708801368836e28	5.878127793939791e27	2.102685723935266e28	5.877970314984813e27	8.679714079084167e39	1.219045829172803e40	8.679670147080132e39	1.2190736073646145e40	7.101076934644804e40	7.100980420468155e40
0.25118864315095824	2.887088531395353e28	5.187717464366904e27	2.8870012082140406e28	5.187619455046637e27	8.433885312046795e39	1.3922299555018515e40	8.433818195460373e39	1.3922591761231695e40	7.363947614402747e40	7.363839817562862e40
0.39810717055349776	2.8710688621270533e28	2.992456648271107e27	2.8710006044883115e28	2.992414276940901e27	6.634729584440414e39	1.2594826290964103e40	6.634665218950083e39	1.2595058666442443e40	6.222447141922252e40	6.222358119631653e40
0.6309573444801942	2.545389687145785e28	1.4640633443950317e27	2.5453403829508444e28	1.4640476096252294e27	4.868283290016551e39	1.042787228761463e40	4.8682316275485265e39	1.0428041861441528e40	4.870858423129921e40	4.870792052241445e40
1.	2.090836746421357e28	6.169496866405848e26	2.0908020647208165e28	6.169443882144603e26	3.3889558857190896e39	8.091467124646993e39	3.388917539398362e39	8.091587075348267e39	3.5944990598322004e40	3.5944515707255905e40
1.584893192461114	1.6014163410349757e28	2.282880778089357e26	1.6013928529119396e28	2.2828643682604833e26	2.2986106887740753e39	5.956979259183267e39	2.2985840418261646e39	5.957060721248531e39	2.549415982292752e40	2.5493835495888073e40
2.5118864315095824	1.1644674679899198e28	7.598441610340572e25	1.1644518148147046e28	7.5983937340895335e25	1.5237924370918094e39	4.204835686963624e39	1.5237744650459945e39	4.2048900469227154e39	1.7482096200120219e40	1.7481879204105568e40
3.9810717055349776	8.123309170979305e27	2.327774354663706e25	8.123207359937324e27	2.3277610095262176e25	9.967918824056284e38	2.873976299518464e39	9.967801312076144e38	2.874011676824569e39	1.1707195872687544e40	1.1707054487175022e40
6.309573444801943	5.415974591690228e27	6.51381102521089e24	5.415908073027846e27	6.513775544653078e24	6.428099317989685e38	1.8964543865090847e39	6.4280223612917745e38	1.8964775064093744e39	7.64377621312097e39	7.64368376641093e39
10.	3.5444079017101e27	1.7635417101345986e24	3.544365552424044e27	1.763532459656779e24	4.094710823779875e38	1.2304805864598443e39	4.094661782722113e38	1.2304953073524064e39	4.916182281742292e39	4.916123406746818e39
15.848931924611142	2.3047228328128768e27	4.691899212197619e23	2.3046957633903706e27	4.691875258807839e23	2.618352608282507e38	7.9584729536757e38	2.6183212492911818e38	7.958567052857966e38	3.1622900300204855e39	3.1622523925687555e39
25.11886431509582	1.4818374059839083e27	1.2268182398511765e23	1.481820288021014e27	1.2268121078619973e23	1.6615868251617987e38	5.095469754411891e38	1.6615669914544974e38	5.09552926120949e38	2.0159442195841808e39	2.0159204174336653e39
39.81071705534978	9.48765321998506e26	3.1670697010611274e22	9.487544644741361e26	3.167054070263681e22	1.0535524027804567e38	3.2522487954688858e38	1.0535398219197057e38	3.252286539511454e38	1.2825593903952695e39	1.282544292923129e39
63.09573444801943	6.0264339341804776e26	8.064584000606581e21	6.026365348927437e26	8.064544473825745e21	6.660418533021247e37	2.0626532705218533e38	6.660339059665958e37	2.0626771129013554e38	8.121530585781491e38	8.121435216657262e38
100.	3.813490545580851e26	2.040082658757146e21	3.8134472584580225e26	2.0400727010988007e21	4.2098687584471528e37	1.3047611794884416e38	4.209818598765956e37	1.3047762274682691e38	5.1354547981863136e38	5.135394606293672e38
158.48931924611142	3.5114043172765046e21	2.1373987422639694e10	1.1968383510055247e21	8.932356975885593e9	5.821263537229515e37	5.821264454141951e37	5.821236717003468e37	5.821344915882607e37	4.657027105698271e38	4.656994921139352e38
251.18864315095823	2.2167678183748872e21	5.371975958896614e9	7.55580471171078e20	2.2450145257965975e9	3.675097328885068e37	3.6750979079078903e37	3.6750803970098696e37	3.675148703404536e37	2.9400881378823493e38	2.9400678197700914e38
398.1071705534973	1.3991726658870512e21	1.349866866397514e9	4.769090107046064e20	5.641296421075205e8	2.3196777809689908e37	2.3196781469080605e37	2.319667094419564e37	2.3197102074410913e37	1.855748710029307e38	1.8557358859738896e38
630.9573444801937	8.830121540481543e20	3.3914853917605317e8	3.009769469689062e20	1.417358644428569e8	1.4639555854230688e37	1.4639558159767643e37	1.4639488413209527e37	1.463976050779929e37	1.1711685609923681e38	1.1711604684053869e38
1000.	5.5722021916701734e20	8.520251927972305e7	1.8993057884384893e20	3.5607656601443715e7	9.238280820293728e36	9.238282279132387e36	9.23823826077736e36	9.238409953552041e36	7.390650482286502e37	7.3905994129302355e37
1584.893192461114	3.516129368463655e20	2.140384842489946e7	1.198488306206181e20	8.945066008584447e6	5.829496927806159e36	5.829497836177121e36	5.829470064564376e36	5.829578434046226e36	4.663613853301066e37	4.663581603341671e37
2511.88643150958	2.2186500116809813e20	5.37671165754237e6	7.562377363629084e19	2.2470300908675385e6	3.678377139849549e36	3.678377806544907e36	3.6783602696766797e36	3.6784286761776013e36	2.942712086998011e37	2.942691753418155e37
3981.0717055349774	1.3999213047466928e20	1.3506175895676897e6	4.771705614630286e19	564449.1810936033	2.3209835553534774e36	2.320984400354197e36	2.320972880265906e36	2.3210164368546664e36	1.8567936149003235e37	1.8567808072919133e37
6309.573444801943	8.83304653126145e19	339267.08104473667	3.0107983844498866e19	141786.39059985487	1.4644714765732352e36	1.464475339119886e36	1.464464777357926e36	1.4644955732135884e36	1.1715836973103053e37	1.1715755252749494e37
10000.00000000002	5.573167023188439e19	85220.52690631078	1.8996699678060507e19	35615.44639135279	9.239815301032127e35	9.240300937750817e35	9.239772835338323e35	9.240431257881007e35	7.392199838370703e36	7.392149705726455e36
15848.93192461114	3.5157465705268756e19	21405.595591988567	1.1984501522385422e19	8945.981908790533	5.824719080994694e35	5.829687624458292e35	5.8246909738640445e35	5.829769162527689e35	4.6629692414335535e36	4.6629361160319685e36
25118.864315095823	2.214695136805328e19	5374.7772203440945	7.552334125217909e18	2246.489751503682	3.646689644483096e35	3.6730705396584754e35	3.646674805702317e35	3.673124420492671e35	2.9332317458222864e36	2.933211009856467e36
39810.71705534977	1.3834356460620255e19	1345.7749302651305	4.725397591244968e18	562.823709066261	2.2209024296586932e35	2.2933974581776165e35	2.2208973955971673e35	2.2934246461337233e35	1.8172046654652183e36	1.8171959986001654e36
63095.73444801943	8.396382896092432e18	332.244588210365	2.879323493390264e18	139.2295683465992	1.2742682688525294e35	1.3867390526663048e35	1.2742598101488137e35	1.386760612027367e35	1.0777147042735032e36	1.0777028010998236e36
100000.0000000002	4.805602052909533e18	78.78029114578094	1.6574371591518807e18	33.14007963920147	6.747330739982286e34	7.869172539562384e34	6.747315866615004e34	7.8692649305547425e34	5.944191704674759e35	5.9442048793571734e35
158489.31924611173	2.5433397305991926e18	17.42842240676832	8.823189790738554e17	7.365578087005421	3.3011679822994367e34	4.1180253855690407e34	3.3011607858785006e34	4.118016347450282e34	3.0206939173287e35	3.0207005266336258e35
251188.6431509582	1.245359706668366e18	3.555497161617949	4.3410739159672646e17	1.5089464834489321	1.5140643370392294e34	1.9946747669087865e34	1.5140610628339628e34	1.9946704374924658e34	1.4275724603460516e35	1.4275755536292415e35
398107.17055349774	5.7187692808284154e17	0.6738499187296041	2.0004429826552774e17	0.2869068511932945	6.622416217676523e33	9.07993704339516e33	6.62240197467646e33	9.079917491467843e33	6.380311446886835e34	6.380325178206649e34
630957.3444801943	2.5041772702363264e17	0.12056664980986401	8.780763740664443e16	0.051451076834617776	2.803210465901721e33	3.950687560035593e33	2.803204458702757e33	3.95067909863138e33	2.740826907351366e34	2.7408327792424027e34
1.e6	1.060924103944014e17	0.020700342328857507	3.726001298644509e16	0.008847282376378147	1.160933405189544e33	1.6664055879361013e33	1.1609309231612101e33	1.66640203151424e33	1.1462287710344424e34	1.1462312194114585e34
1.5848931924611141e6	4.396489764082612e16	0.0034556004673362596	1.5456599902896874e16	0.001478398125063634	4.739876397707455e32	6.885401908327662e32	4.739866279252948e32	6.885387247199132e32	4.70961931575165e33	4.7096293564065677e33
2.5118864315095823e6	1.7957624656378358e16	0.0005662382193498002	6.317500764596268e15	0.0002424086158668421	1.9175081893820865e32	2.8069929846635225e32	1.9175040998968274e32	2.8069870164777675e32	1.9130512204310537e33	1.9130552939702275e33
3.9810717055349774e6	7.266743379458488e15	0.00009167122354249171	2.5575273084627505e15	0.00003926102440111633	7.711824369165919e31	1.1344802963339831e32	7.711807932089653e31	1.1344778864719775e32	7.713946822577506e32	7.713963235437588e32
6.309573444801942e6	2.92306180026532e15	0.000014726492341229417	1.0290473731632494e15	6.3087348273818175e-6	3.089972912034753e31	4.559874738205698e31	3.0899663285642515e31	4.559865057866159e31	3.0959392862332807e32	3.0959458701745223e32
1.000000000000002e7	1.1713475409000215e15	2.3540555725649577e-6	4.12436623883709e14	1.0086307458732698e-6	1.235160217586513e31	1.826345629007067e31	1.2351575866052794e31	1.82634175324099e31	1.2388431237318425e32	1.2388457574803843e32