0.00001	8.896799716625266e25	3.6286437222786104e25	7.196854414255748e17	3.946556929703617e17	1.2415543036951553e33	1.0987709350598866e33	1.2954659357481128e33	1.7238160488721087e33	1.0896957911925223e34	9.183557466038238e33
0.00001584893192461114	2.2339806070984995e26	9.109411802271193e25	4.5371039688448374e18	2.4875039764974884e18	3.117769485344371e33	2.759184771406234e33	3.2529713883039223e33	4.3287255745631846e33	2.7364068007230153e34	2.3061051306951046e34
0.000025118864315095822	5.608346135794639e26	2.2860619754052493e26	2.8589216615791677e19	1.5669090362758537e19	7.828006136395539e33	6.927564163573169e33	8.166751444718461e33	1.0868077643076955e34	6.870419176442207e34	5.789888725089021e34
0.000039810717055349695	1.407497125943651e27	5.7339101921238326e26	1.8000709015322486e20	9.860611659417587e19	1.9649236522812874e34	1.7388550862896921e34	2.04966849881309e34	2.7278743733133574e34	1.7245290446506775e35	1.4532467125067013e35
0.00006309573444801929	3.530486761034882e27	1.4369527700640335e27	1.1319980888630911e21	6.195839625158188e20	4.930170473332475e34	4.362758228738235e34	5.141675176380708e34	6.843913021200858e34	4.326884753890079e35	3.645989727064298e35
0.0001	8.848412875790557e27	3.596232060134292e27	7.10499114862813e21	3.8837293171046104e21	1.2362214262963426e35	1.0938712937754226e35	1.2888090001597032e35	1.7158600961741164e35	1.0849047908037461e36	9.140844222423067e35
0.00015848931924611142	2.3232370441842516e28	9.688764157435792e27	4.916718778867151e22	2.736771728128474e22	3.151779682696744e35	2.78470770728272e35	3.30989617618045e35	4.411116829089043e35	2.773290582035305e36	2.332802793538439e36
0.0002511886431509582	5.811342869521163e28	2.415946467287066e28	3.067344350763491e23	1.701934490439249e23	7.884177786496954e35	6.963931124961375e35	8.27350738769122e35	1.1034276977772796e36	6.937358377236739e36	5.833053501752849e36
0.00039810717055349735	1.446995023124967e29	5.98282138303031e28	1.8966117992576619e24	1.0472803174652748e24	1.9667723633857224e36	1.7367517470345884e36	2.0610475073235282e36	2.751127771991506e36	1.7302867016660913e37	1.4542564373603077e37
0.000630957344480193	3.673252501110405e29	1.5294117290257117e29	1.2256471508395856e25	6.802863913623267e24	4.94215259206943e36	4.361149575346882e36	5.1901191915616766e36	6.933246489477393e36	4.35192610283977e37	3.6546870084483113e37
0.001	9.059800432132519e29	3.751099922811674e29	7.4654624980035425e25	4.105844638716348e25	1.2059126759579308e37	1.0620577392933841e37	1.2653501624526497e37	1.6969878172997606e37	1.0629362665445055e38	8.902884890909992e37
0.001584893192461114	2.272365971789437e30	9.480688625420817e29	4.778997422632431e26	2.6464562542752553e26	2.9543169178682786e37	2.595564711789641e37	3.109217809642491e37	4.1859368157315836e37	2.6097201321274154e38	2.1790787684770988e38
0.002511886431509582	5.67983978855814e30	2.3446142666251415e30	2.930598689165732e27	1.6064018902686318e27	7.460190770916645e37	6.5573178778704605e37	7.82665572241132e37	1.0538145588864322e38	6.583395272523495e38	5.499086444673737e38
0.003981071705534973	1.4859736879901496e31	6.249231996384121e30	1.996515341677976e28	1.1109253432870468e28	1.9501538658005676e38	1.7175025373684655e38	2.055167451540732e38	2.7550416157494983e38	1.7208597664435895e39	1.441102118651329e39
0.006309573444801936	3.808951618439961e31	1.6140345598977857e31	1.2894784118403981e29	7.164719934125637e28	4.933842613371502e38	4.3436110710150374e38	5.211528176824565e38	6.994647005198951e38	4.3576814799586883e39	3.6456763687394284e39
0.01	9.473599017787966e31	4.08926000102025e31	8.574944105944856e29	4.956453796711935e29	1.2411207931230572e39	1.0981306708270886e39	1.3151457841133526e39	1.75196193607036e39	1.0939901808897883e40	9.200482986138956e39
0.01584893192461114	2.3972233877553573e32	1.0401296813415056e32	5.381834579390946e30	3.111572684577894e30	3.1277971945441966e39	2.77844203988782e39	3.313083982287199e39	4.410374358733855e39	2.752006526627104e40	2.3180128672961938e40
0.025118864315095822	6.3602229208994976e32	2.8799947564107505e32	3.639051733135242e31	2.1318520681243427e31	7.655942642782939e39	6.83524220035574e39	8.199118872432209e39	1.0988018494508928e40	6.744945440658119e40	5.662065421306937e40
0.039810717055349734	1.6749319416148926e33	7.840207032109436e32	2.220107788198528e32	1.2902482398510549e32	1.8372979982211311e40	1.6714396486879458e40	1.976083899235224e40	2.6752755762439405e40	1.6094581300545076e41	1.349943122091934e41
0.06309573444801936	4.082748634009284e33	1.9091304840106973e33	1.0679453730763988e33	6.0172860052122406e32	3.9384874563560494e40	3.7284471312362205e40	4.1844216551198565e40	5.82541630443822e40	3.3977060397134087e41	2.8423955473819468e41
0.1	9.249625301604339e33	4.346735768326468e33	4.1320186803891253e33	2.2874265739506364e33	7.185283851001635e40	7.356273742613278e40	7.472663727016555e40	1.0959227551097775e41	6.007044967595388e41	5.012372787854509e41
0.15848931924611143	1.149013787441379e34	4.3476735092559635e33	6.264224832997675e33	2.814408741603628e33	8.974467738749023e40	9.84365987137943e40	8.804770135954778e40	1.3677251239377953e41	7.509897224701058e41	6.308910533463233e41
0.25118864315095824	1.1587199578589343e34	3.245359540112254e33	7.214903995764582e33	2.3920052959466922e33	8.355446154822709e40	1.0016014226578316e41	7.864274829775816e40	1.3339811998374857e41	7.16258397685929e41	6.018093247806267e41
0.39810717055349776	1.1097952002911458e34	2.170169696275369e33	7.67815090080555e33	1.75278513926197e33	7.21636940879085e40	9.614537277443665e40	6.628869706002493e40	1.228202969673021e41	6.406180263784068e41	5.429682627161602e41
0.6309573444801942	1.0198703604378146e34	1.2948831596582386e33	7.627290668288842e33	1.112181319325664e33	5.740412111686299e40	8.62459081339564e40	5.192033031223305e40	1.0665870989676948e41	5.336272951517805e41	4.5593751744945146e41
1.	8.96151308917234e33	6.852499606180002e32	7.099583956645156e33	6.128316266778616e32	4.3277756651993186e40	7.358984973208462e40	3.882017951501907e40	8.853279035900826e40	4.234444099673413e41	3.652428566756482e41
1.584893192461114	7.421904912857233e33	3.1505213824067494e32	6.12401578095849e33	2.891190410634415e32	3.099285586374971e40	5.917422115900959e40	2.768603387638292e40	6.965698103166598e40	3.190022788665715e41	2.7763353328650187e41
2.5118864315095824	5.839159672059166e33	1.2817565565122927e32	4.9543728125555155e33	1.1962114079330648e32	2.1504392701010233e40	4.533688512732162e40	1.9175901983625846e40	5.250784039317675e40	2.314483537704631e41	2.0295001582074468e41
3.9810717055349776	4.3293652961765305e33	4.599234452646354e31	3.7427933462596146e33	4.338647113074974e31	1.4400087262738294e40	3.287043869299709e40	1.2831483476759393e40	3.763275185371041e40	1.6072530090818453e41	1.4173255006810821e41
6.309573444801943	3.0727121906612516e33	1.4912649087054285e31	2.6890835395688925e33	1.4162526616909747e31	9.456549809112665e39	2.291856183465247e40	8.422896341755022e39	2.6035786753619358e40	1.0850379363466837e41	9.605115847569417e40
10.	2.0988805383538729e33	4.4470668737779163e30	1.850801619988996e33	4.2409161794290074e30	6.121542827236396e39	1.5459235493458504e40	5.450848191619299e39	1.7475789259011376e40	7.158888189307345e40	6.3527136689565465e40
15.848931924611142	1.401022331395426e33	1.2580935848712182e30	1.241863423616215e33	1.2029526458077347e30	3.9551854191174285e39	1.0249114406963833e40	3.524263748822195e39	1.15430750102617e40	4.67911795362362e40	4.1616532715458763e40
25.11886431509582	9.190822474429436e32	3.4267623145172124e29	8.173704653365484e32	3.282196460780982e29	2.5332369279559766e39	6.686481554351151e39	2.257683988936378e39	7.51345382605952e39	3.0219212603317486e40	2.6911636971129285e40
39.81071705534978	5.934982026358546e32	9.047216974281327e28	5.289011948098409e32	8.674718477400728e28	1.6123652742229334e39	4.303799862651765e39	1.437317630072027e39	4.829023562027346e39	1.9330357875134613e40	1.7229543844550938e40
63.09573444801943	3.79802175434243e32	2.3483907932261495e28	3.388771030460116e32	2.2533665194726664e28	1.019293195514114e39	2.74517814636306e39	9.083812791298554e38	3.0779344991391264e39	1.2271139585570642e40	1.0940134778096347e40
100.	2.4215465258597872e32	6.024803163290496e27	2.162327158653064e32	5.783406646125763e27	6.461379331051711e38	1.7479662350045123e39	5.758834053585528e38	1.9587350523083812e39	7.794172304616056e39	6.951102269476473e39
158.48931924611142	4.0446283964680475e31	3.693333178733725e25	2.508875267306945e31	2.5782690713388e25	8.339630651165132e38	9.283358877993636e38	7.923394814752852e38	1.0532068805170194e39	7.110191592735115e39	6.610707863555791e39
251.18864315095823	2.555072742828616e31	9.288976603196836e24	1.5849420931094238e31	6.484612272269657e24	5.2696679886739864e38	5.865869166666887e38	5.006732713390744e38	6.654675600645698e38	4.492735772715204e39	4.177213259975272e39
398.1071705534973	1.6133725284083825e31	2.3351501431267517e24	1.0008083213779058e31	1.630177848346896e24	3.3280142269385126e38	3.70449046188655e38	3.161990380266687e38	4.2025621555826945e38	2.83732093209301e39	2.6380922700324554e39
630.9573444801937	1.01845980634871e31	5.868590898990959e23	6.317772863258761e30	4.0969112659347056e23	2.101062206911114e38	2.338721719900574e38	1.9962592618160612e38	2.6531305929098065e38	1.7912634339038365e39	1.6654998882148283e39
1000.	6.428001522302108e30	1.4745927025855348e23	3.9874800568708984e30	1.0294290209861496e23	1.3261695892646136e38	1.476170042006903e38	1.26002388920998e38	1.6746071501501786e38	1.1306231807796514e39	1.0512483382932278e39
1584.893192461114	4.0565733075030234e30	3.704753577289021e22	2.516421697228956e30	2.586334337815135e22	8.369512015476478e37	9.31613983497848e37	7.952083152001793e37	1.0568426424320578e38	7.135392496012625e38	6.634477847063316e38
2511.88643150958	2.5598347651046525e30	9.307100039667186e21	1.587950633641903e30	6.497411320204164e21	5.281580698920166e37	5.87893772391656e37	5.018169945689812e37	6.669169960876165e37	4.5027824006812295e38	4.1866895050073015e38
3981.0717055349774	1.6152700018665458e30	2.3380248516237155e21	1.0020071133776878e30	1.6322080104516784e21	3.3327609629276574e37	3.7096977299303823e37	3.1665476990497025e37	4.208337535355516e37	2.8413240877818302e38	2.6418681674754078e38
6309.573444801943	1.0192156262353667e30	5.873149345427907e20	6.3225480325211264e29	4.1001305079658263e20	2.102952944435971e37	2.3407959225626424e37	1.9980745862510542e37	2.655431046925137e37	1.7928580107079643e38	1.6670039616194437e38
10000.00000000002	6.431011523356009e29	1.4753154018569665e20	3.9893817611902684e29	1.0299394017898771e20	1.3269225477634843e37	1.4769961164945779e37	1.2607467191319708e37	1.6755233661551763e37	1.1312581889251937e38	1.0518473370822111e38
15848.93192461114	4.0577691316876e29	3.705899155380491e19	2.5171786546309372e29	2.587143388620249e19	8.372473838093596e36	9.319427163053065e36	7.954916050819885e36	1.0572067883301179e37	7.13791129891631e37	6.636857181967875e37
25118.864315095823	2.560255001224172e29	9.308905119423074e18	1.588241883997831e29	6.49869032379238e18	5.282236634576709e36	5.88020022704087e36	5.0187350850802554e36	6.670491611746233e36	4.503623364654815e37	4.1875341415564585e37
39810.71705534977	1.614969526973262e29	2.3382453191742505e18	1.0019994823337424e29	1.6323849676381486e18	3.3290026836338793e36	3.709678601426522e36	3.162732653900784e36	4.207782442627724e36	2.8403451038805215e37	2.6412551928439666e37
63095.73444801943	1.0168916464478512e29	5.871515791929334e17	6.314803666851927e28	4.099488333057097e17	2.0828154010173392e36	2.3373764721555785e36	1.978271313884827e36	2.649609879606042e36	1.785703605511018e37	1.6613288246477807e37
100000.0000000002	6.351564599059548e28	1.4712189733123757e17	3.955888477122556e28	1.0277752026809074e17	1.2674500018385457e36	1.4613137880076773e36	1.2030143403381757e36	1.6531932704562452e36	1.1057570819636325e37	1.0301304718052217e37
158489.31924611173	3.8669990642081153e28	3.6473552479105736e16	2.4237433125963982e28	2.5524601968434692e16	7.267880791332303e35	8.881012098063862e35	6.890672570552689e35	1.0005870000361539e36	6.562408964366957e36	6.127708820685312e36
251188.6431509582	2.2312405542253185e28	8.744640150566022e15	1.4112069989955254e28	6.14031297159247e15	3.847044933285444e35	5.085409915098247e35	3.642867699934508e35	5.698013810773858e35	3.6265726201049944e36	3.395431112981811e36
398107.17055349774	1.1937959649310674e28	1.967015074572504e15	7.621734623070261e27	1.387113500230157e15	1.8818550073349186e35	2.688892413432843e35	1.780049681055766e35	2.996590850668594e35	1.8472955790076025e36	1.7336522114455453e36
630957.3444801943	5.90716425414851e27	4.083127150977144e14	3.801310246864758e27	2.890965653277221e14	8.630220211081014e34	1.314391885833994e35	8.155859688288081e34	1.4585453507354252e35	8.748620245814599e35	8.225503806115955e35
1.e6	2.7356190300403914e27	7.852518799145338e13	1.7707666752419253e27	5.577451240318666e13	3.774600300189076e34	6.025831963059848e34	3.564560804976814e34	6.6627064276335055e34	3.916948252077179e35	3.687369758363754e35
1.5848931924611141e6	1.2052819462424024e27	1.4204101250443047e13	7.833674159766407e26	1.011173127142673e13	1.59770522397409e34	2.6350852978261e34	1.5087170161341156e34	2.906321256890133e34	1.6853124709526737e35	1.587358193313553e35
2.5118864315095823e6	5.127948974112441e26	2.457354463298389e12	3.341974158345023e26	1.7520548794311428e12	6.616678883791086e33	1.1160994328411109e34	6.249452155134604e33	1.2286940557852713e34	7.05999113531718e34	6.653312707552473e34
3.9810717055349774e6	2.1310119395871078e26	4.123130915079583e11	1.3912889179679578e26	2.942706971725472e11	2.71322756142319e33	4.640659679437193e33	2.5629661125969726e33	5.1053576130752877e33	2.9001788414725043e34	2.7366647164178875e34
6.309573444801942e6	8.720150278063022e25	6.778779650344461e10	5.699711023020221e25	4.8412363358875824e10	1.0928531029988238e33	1.913917293801278e33	1.040542145401271e33	2.0720293759330743e33	1.1738870362104395e34	1.1144220162934512e34
1.000000000000002e7	3.5328633075244506e25	1.0998170679694304e10	2.310860043314933e25	7.857924052218128e9	4.3952110162647395e32	7.328123954899829e32	4.0533033877677194e32	8.522924627298876e32	4.7458631972937595e33	4.2853796847868936e33